100
-1 -25 15 -23 19 -14 18 -20 17 17 6 18 11 -16 -8 10 -25 17 -17 -12 16 14 -9 13 -25 10 -25 -10 -13 -11 -1 -12 -5 -21 -4 -5 2 14 22 -23 1 -3 -22 11 -21 -2 21 -23 -7 16 -7 11 21 6 12 8 -16 22 7 24 5 -4 17 -25 -17 23 0 5 18 -4 -16 -9 21 5 -9 -10 -23 25 -3 -18 4 13 12 -2 -25 -8 21 10 1 22 -11 7 12 -25 6 -3 -2 20 -4 -9 
2 -2 -18 -24 -25 16 -22 1 -13 -16 -19 8 -2 23 -22 8 -22 19 -16 -7 -3 2 8 -20 -20 11 -24 -3 16 10 8 19 -19 -8 -18 -14 14 -4 -6 3 -11 -5 24 -12 -5 -11 -10 -1 14 -11 12 -5 -19 -11 12 6 25 14 23 15 -18 16 11 13 -2 22 11 -8 -11 4 21 25 12 -19 25 2 2 8 -16 -2 4 -19 3 19 -20 17 -17 -14 25 9 7 -6 7 -21 4 1 5 7 10 22 
13 16 6 5 23 -11 -10 -2 3 25 9 -17 -2 -22 -19 -20 17 5 -8 -21 -1 -24 9 20 4 -24 4 13 -20 14 21 -24 -8 14 -22 -18 6 10 -18 23 13 -4 -11 20 2 23 -9 -12 14 -15 7 14 -2 15 -7 22 -5 6 22 -25 -10 -3 8 9 18 21 17 19 -3 11 -24 6 22 -11 -25 -22 13 0 18 -20 14 3 19 -4 -16 -8 -4 16 -24 17 -9 14 20 2 14 -8 8 -23 24 -7 
-16 1 13 5 -10 7 17 12 11 20 -10 -10 4 19 2 3 -21 -22 -19 -23 16 3 -13 22 -23 21 1 22 -23 20 7 11 18 -21 3 18 -13 -18 -6 11 -1 -11 1 8 7 -15 -17 -21 -14 7 -14 7 -22 7 14 -3 21 22 -3 -3 -13 -14 -13 -19 6 -15 -22 20 17 0 -3 23 -9 -10 -4 11 -2 1 25 24 -3 7 -6 -23 0 25 25 -19 23 -2 -18 -1 3 13 -16 -16 -24 18 -3 -14 
20 -21 -12 -4 13 10 -2 -6 16 -16 -13 -10 -3 -5 -12 -1 -19 -8 11 -3 -11 3 1 5 20 -24 11 7 15 -23 -5 -8 -7 22 18 9 16 -20 1 -8 2 -23 8 12 -16 -17 11 17 -9 -8 -25 16 22 5 21 16 -24 -24 16 13 -22 -4 -13 17 -19 -17 -13 -15 -17 7 -2 -2 1 1 -7 1 10 -22 7 -9 -10 25 -2 -1 20 -9 -20 5 -5 20 -9 17 -16 1 21 -21 3 17 -5 -18 
-2 -15 -16 9 0 25 8 17 -19 -11 -6 6 -21 22 -11 -6 -9 24 25 -25 0 -14 24 -10 -14 5 -25 13 -17 -14 -7 -4 -22 24 -9 -15 0 -22 19 12 15 -21 -9 -11 -21 -4 4 20 19 -23 18 -15 9 2 25 -13 -4 -11 -5 -1 -3 10 -24 18 25 -20 -7 -13 -9 25 -18 24 21 9 3 21 2 -9 -22 19 -15 15 -6 -10 -10 -5 6 -17 -19 -15 4 -11 11 -16 -25 22 -21 12 -4 0 
-23 10 -21 -14 -5 4 -16 5 -20 -17 15 21 13 -23 18 -10 -16 -24 12 14 -23 20 16 20 -9 -24 -14 -7 -14 4 0 17 22 -2 -23 -6 17 13 -12 -25 -6 -14 25 22 -6 16 -3 12 18 14 24 19 18 -9 8 16 10 -3 2 25 3 -6 25 -17 5 18 -13 9 18 -25 13 14 24 -8 18 -3 8 -3 19 4 -16 -2 10 -12 -14 -22 -9 1 16 -4 -13 8 -17 -1 18 -12 -22 -7 -7 22 
-6 -22 -11 7 -25 -24 18 5 14 -5 3 -25 12 4 -18 16 -25 -16 -6 -17 4 23 -4 -23 -5 9 -8 -17 12 22 -16 -24 14 -16 -6 -12 15 -7 -16 9 8 4 2 -1 -21 -5 -17 -22 10 8 1 -25 0 3 -15 9 -12 11 17 15 15 -25 7 7 -14 -17 -7 16 -10 19 -22 25 11 12 2 -3 -10 -3 1 -5 25 6 13 -11 -6 -3 2 3 14 7 4 -15 -19 11 10 -25 5 10 18 -8 
16 0 -16 1 12 -21 16 8 20 16 -12 18 -8 -18 12 24 -13 1 -17 -2 -10 -12 -17 -22 -20 11 1 9 1 14 20 11 -25 -23 7 16 -19 16 0 21 -3 21 -12 -4 -7 11 17 17 13 11 10 -2 -19 -11 -4 -17 21 1 -13 -17 25 -17 -11 5 -21 -7 22 4 22 23 17 2 12 8 12 24 18 -6 2 18 25 5 21 -7 21 -6 23 20 7 -9 1 -23 -19 22 -9 12 20 -8 -6 16 
2 -20 22 -18 -25 11 21 -6 13 -24 0 -22 -18 -1 7 7 -14 11 -16 25 -17 14 9 6 -24 20 -5 24 25 13 12 13 -25 21 -10 10 8 -17 17 -4 3 -9 19 -14 22 -4 16 -24 -19 23 1 -7 2 24 -12 16 -16 16 4 4 19 0 7 3 -22 2 -3 -3 12 22 7 8 7 -5 19 14 9 6 11 -8 -9 10 -3 -11 11 25 -17 -6 -24 -8 -9 -21 3 19 11 -3 17 -9 -4 3 
16 8 24 25 -11 1 -19 -9 -23 -4 -10 18 -10 -4 16 -3 22 -23 0 -21 -20 -11 16 10 15 0 11 -16 -22 20 5 9 -24 25 -23 8 21 -22 -13 17 10 6 13 14 3 -1 -18 4 14 3 -17 -7 -8 7 25 -24 12 -6 -22 -3 16 -18 8 2 4 -22 13 -25 -24 6 6 11 23 -15 -21 5 14 -9 23 15 -24 8 10 22 -7 20 1 -23 0 15 -1 15 -2 21 14 15 -22 10 15 -20 
20 -18 -4 -6 10 -20 -1 13 14 -23 -20 -21 -23 -4 -15 -5 -1 -17 -17 16 -23 -3 -11 -2 -21 -17 -5 5 0 -25 22 12 -25 2 -1 0 -11 17 14 13 7 -25 -5 4 23 14 -16 10 -11 4 24 12 11 6 21 2 4 0 -9 2 -10 19 -25 -23 10 -1 15 -13 10 6 -23 -20 11 -9 20 12 4 -12 -5 -22 -15 21 14 1 2 -3 15 -18 9 16 19 -3 -23 -2 -15 17 2 17 14 13 
-14 -5 20 17 -24 -3 10 -22 -3 -1 2 6 23 3 11 -17 -6 -19 -3 13 18 6 -13 -13 23 11 12 17 22 21 18 -14 -1 -11 16 -21 -16 3 22 10 -22 15 6 24 14 15 -25 0 -15 -8 -5 19 16 -4 -20 -2 22 -12 -9 -23 23 -22 9 25 -17 3 -11 -2 -9 -17 0 17 -4 18 1 17 -3 13 8 13 -8 3 -6 17 13 11 -3 11 7 -18 -20 -8 -5 17 10 16 -22 21 -25 -4 
-11 17 -12 -16 -21 -13 15 9 -6 14 22 15 -16 8 8 5 1 25 11 11 4 -2 13 -6 6 -9 -7 15 25 -8 13 -5 2 17 -1 19 -20 -23 -17 -2 -7 -5 18 -4 -4 -6 -5 -23 13 -5 -10 -7 -23 -6 0 16 -25 -14 -17 -10 22 -8 18 -22 -3 12 -3 8 -22 -3 12 -7 -15 17 -4 0 20 24 3 -9 3 -20 24 -2 -17 0 0 0 10 0 -4 6 -4 -23 -6 -24 13 -2 5 7 
-12 16 -3 3 16 7 16 -18 16 -9 -13 9 10 -24 7 16 -25 -20 0 -11 8 -22 8 -19 0 20 24 -25 24 -1 19 -6 13 -4 10 4 0 25 20 -2 -22 15 6 -11 15 -4 16 3 19 -7 23 15 16 25 24 7 -16 8 15 24 -3 -17 -8 0 -3 -5 -17 -20 14 4 5 -22 -2 19 -3 -18 -9 11 0 15 21 14 13 3 1 -2 -2 -9 12 21 8 -11 -13 -3 -20 2 24 20 -1 -3 
19 -3 7 22 6 11 22 -24 -24 -4 -12 8 8 3 3 -5 -18 10 -5 13 -25 0 14 -10 -3 8 -18 22 -18 13 19 18 11 -1 -10 -10 10 -5 -8 -10 -5 -17 20 24 13 25 -13 4 -21 16 -9 -21 21 21 -15 21 1 -21 19 -10 17 4 -12 12 -15 13 -14 -2 -10 4 -4 22 18 -20 11 -8 10 24 20 -25 -8 2 8 13 -25 -24 18 -18 8 16 -1 11 -11 14 23 15 -9 3 22 -8 
-12 -3 0 -5 2 18 14 -23 -20 5 -8 -24 -13 19 7 -2 -11 24 15 12 -7 6 6 16 -12 16 25 -25 10 -4 25 23 0 -6 -21 7 19 -25 0 8 5 -24 24 -13 -12 -20 9 -23 -24 8 -24 -5 -11 -9 22 -3 24 -14 17 20 -9 5 -16 6 19 -19 -4 4 -19 11 8 -1 16 16 20 -2 4 -4 7 -16 17 -22 -22 -15 15 -16 -8 5 -3 -11 14 -15 21 10 19 2 -23 -20 7 5 
-5 2 22 -7 -5 -1 14 -16 15 2 5 2 -13 -14 -18 -17 -20 -21 -20 23 -7 -19 16 15 -7 -12 -1 10 -7 -16 -8 5 -5 2 -13 -14 -19 -22 21 12 -22 13 16 -20 3 12 19 -9 -8 18 14 -19 -25 17 -17 -22 -15 -3 5 -22 13 2 21 21 15 22 -14 18 -23 7 7 -5 12 -6 -6 9 -12 -15 23 -14 9 -25 -5 1 12 -21 -23 -10 14 6 -21 25 4 -20 5 -24 -3 19 -9 9 
14 -7 -23 11 -6 -22 -23 15 25 9 1 10 -24 1 -21 -24 20 -7 22 5 -1 -18 -20 -10 -23 -15 14 4 -4 -14 -17 -22 -11 -4 4 15 20 -18 -19 2 18 -7 -16 -14 -10 15 -14 -18 19 -6 -24 -3 -21 -19 -8 11 -17 -4 -14 -6 -17 -18 5 14 -11 17 23 -17 -20 7 -18 -16 -16 -22 12 17 8 -22 -13 25 10 -2 17 -17 13 -20 -13 -5 7 23 -9 4 -9 -2 19 12 13 -25 -3 21 
-15 1 -18 -18 1 -15 17 -4 -8 19 24 19 -23 25 -2 23 0 23 3 -4 15 -20 0 -6 -19 23 -3 -20 18 -2 -2 -20 20 1 4 22 -20 -21 10 -7 0 -16 24 6 14 -18 -13 8 19 -16 14 7 1 -12 -4 24 15 -3 -18 -5 -18 -25 25 -24 -18 7 22 15 -10 21 -25 -21 -19 -4 -1 -4 12 -2 -4 11 -13 -12 -2 9 -14 4 21 18 4 -10 -5 17 -12 16 -8 -5 23 20 -23 18 
16 -7 -8 2 22 -19 20 -20 -10 -23 -15 -4 -17 8 16 22 -7 -3 15 -25 -3 -18 -23 -22 -19 15 16 9 0 -24 22 -22 9 -2 24 -25 21 -12 17 -11 -21 -16 21 -17 -11 -19 17 17 -14 21 -8 25 -20 -18 7 -5 -13 24 5 -2 -7 7 20 -25 0 9 -24 -8 -12 -8 -14 -4 13 0 16 9 23 -9 8 21 9 13 -15 9 23 15 25 24 -17 -23 5 23 4 -17 -6 1 -20 -2 -16 6 
-24 17 -1 23 -17 3 -5 11 -6 8 -9 24 -6 2 -11 5 -1 25 18 -5 25 5 -25 2 -6 17 -14 17 4 -8 -21 7 -17 1 -17 -19 8 3 1 -18 24 -23 22 11 -22 -10 -7 3 19 24 -3 -11 12 17 19 20 -12 4 14 -7 6 21 -15 -10 -16 24 18 -4 1 23 -22 1 5 13 10 20 -12 12 -3 23 0 -22 18 -3 -15 -22 -13 -15 1 6 -12 -22 -5 -20 15 -25 -9 -8 17 -8 
-15 7 8 8 -19 -18 13 -13 -21 1 -5 25 -16 21 -2 -7 21 16 23 -3 21 -11 22 -4 -14 13 -5 12 -12 -14 -18 6 8 -20 5 8 -23 -11 -3 -10 -22 -21 -1 7 4 -13 -13 8 -22 -7 25 -11 -22 23 -12 5 -21 8 7 13 -1 -3 -5 19 22 -25 5 -15 7 -17 -1 -12 -11 -17 20 14 13 23 3 -20 -13 -18 -2 -21 10 -20 -14 5 -17 0 -22 23 20 -11 -9 -20 23 23 -18 7 
11 -12 17 8 -5 8 -4 5 -6 24 13 5 20 14 1 -11 -5 6 22 -20 -24 18 -18 -4 18 -9 15 -8 0 2 -21 -15 3 24 -17 16 13 -16 -21 1 -12 2 21 22 11 23 3 -19 -12 -14 20 24 3 23 -25 24 0 0 2 -7 -9 -19 -2 20 -2 -14 6 -1 16 14 -11 22 -18 16 11 -13 18 12 22 -4 -12 22 -17 -14 -6 2 12 2 7 0 6 -18 -20 -4 0 -16 -14 20 11 10 
-5 22 -5 -16 15 18 5 -3 17 -7 -15 -21 -11 -3 3 9 25 5 -10 1 11 8 18 5 22 -18 23 -6 -1 3 3 -2 11 -4 -18 -1 2 16 -23 -15 20 11 1 -11 -6 -7 -9 17 -3 -1 16 -4 -4 17 0 -11 4 15 -1 -22 20 22 -4 2 21 -19 -17 11 7 9 25 -23 12 18 5 -20 -6 -6 14 -18 -7 -22 -16 -1 -20 -13 5 -5 -1 -18 12 -3 10 14 11 -19 -14 -11 22 25 
-14 11 -23 0 -11 -15 14 15 0 22 3 4 -8 -7 -23 -19 0 -11 19 -25 22 -20 24 -9 4 -11 18 -22 -20 -22 21 5 1 -12 -12 2 -17 0 -17 -17 23 -25 -14 10 -18 -7 25 20 13 19 -16 15 17 -13 20 10 21 -23 14 5 -9 21 20 -5 3 25 10 3 9 -22 21 21 -21 13 -3 20 3 4 4 -22 7 -23 1 4 16 -22 -19 10 20 9 13 -3 -18 12 22 -4 -15 17 -23 -7 
-11 3 19 14 16 5 5 -17 10 22 21 -23 17 21 -18 2 24 5 -17 -23 -2 11 -20 -24 21 21 -23 -10 16 22 4 -16 -5 -23 -13 23 -10 -20 1 -17 -20 -2 25 -16 3 5 -21 0 -9 -18 -20 2 6 -14 7 -17 -11 -18 -12 -10 0 14 -19 -8 -6 -1 18 20 -10 23 -23 -18 1 9 4 -8 23 7 -4 2 -7 -1 -20 17 3 -2 -13 7 16 -1 -4 23 7 19 -3 17 -3 0 20 -1 
20 -19 10 -18 6 -14 -5 12 -4 21 -2 -22 3 21 -21 12 -13 -1 24 16 -15 -6 -19 22 0 25 22 -25 -4 9 24 -5 -18 10 14 -8 24 -4 -19 -21 24 -25 -23 -7 11 -20 23 -20 12 14 -7 18 -3 -8 13 21 3 2 -2 -8 15 -19 24 24 -6 15 -25 -10 10 2 5 18 8 -1 20 22 18 11 21 22 -4 -25 -5 -16 -23 -21 -3 19 24 -19 22 -13 -25 21 15 13 16 11 -16 8 
11 -25 1 4 -25 -15 -23 -6 -25 2 3 -20 -24 15 -6 -18 11 20 -25 22 10 -24 -2 -7 -14 -3 21 -3 13 14 -13 24 -25 -15 -3 -25 -18 10 14 -12 0 12 -2 2 8 -7 13 -20 -23 15 -19 -6 16 -7 -8 -1 -12 -15 15 10 -17 9 18 12 -13 3 15 -15 -19 -17 6 -21 6 4 -3 12 -24 -3 -14 -5 16 4 14 -8 25 -6 0 -1 -25 17 3 -15 18 -17 -23 24 -12 1 10 -8 
-13 25 -3 -18 11 1 -5 -8 -24 6 8 -24 -16 8 22 -3 -18 -9 -6 12 -3 3 -17 -18 -23 13 18 -9 2 -10 -11 -13 -25 9 -20 -6 24 1 -22 -16 -8 -20 -18 -25 -3 9 2 -23 9 17 -11 -10 13 -19 -17 -5 20 7 -12 25 -4 5 -15 -7 -7 -17 -19 -25 10 -17 -11 -17 8 14 3 2 -14 24 -6 -7 -25 2 6 18 3 25 -17 12 -20 18 21 -23 16 9 23 10 20 17 23 13 
0 -7 -20 14 0 25 16 22 -8 20 23 -13 11 -18 1 19 1 -1 -15 3 24 -6 -15 -25 8 -25 25 23 4 -16 -17 -11 -16 -17 7 16 -20 -19 -16 6 -22 14 -4 22 16 -13 2 -6 17 -17 -9 -6 -10 -19 9 24 25 -9 24 18 4 20 2 -10 5 -13 -3 18 -24 -22 -10 7 -12 0 -17 -13 7 5 5 -25 -5 15 -16 -16 23 25 -9 -7 8 25 6 0 3 -12 -17 -4 23 -7 15 22 
-14 -13 -8 -25 22 2 5 20 8 -24 5 1 -24 5 -5 -22 17 -1 21 13 -20 24 14 -2 2 -6 -14 3 -17 19 -16 -9 -14 9 0 18 12 6 22 -9 7 2 8 19 14 11 -15 -15 12 -17 -12 22 -7 8 -20 -25 -6 22 -10 1 -24 1 15 9 -18 -20 5 8 5 25 -4 20 5 -6 5 17 7 -4 -5 -16 -6 -15 -20 18 -18 -17 20 22 -17 13 -21 -5 21 -15 -1 -13 -4 -17 -9 -13 
13 6 12 16 4 11 4 -15 -15 -9 23 14 14 -3 -15 -25 5 -25 -23 2 13 -12 -5 -25 -7 2 -10 -5 1 -3 22 -11 16 7 -11 25 13 -24 22 -2 23 7 19 7 0 19 -4 -1 6 18 -14 13 11 -12 3 -23 10 -14 -13 12 22 -9 -10 -24 -4 7 -20 16 -22 24 -15 4 25 19 -22 -2 -16 -24 -15 -17 23 25 10 -1 -23 -6 24 -4 -2 -14 16 1 -18 4 -3 -12 12 -11 10 -21 
10 19 -13 19 -25 -10 -3 -10 -9 11 -21 1 9 -25 -18 24 10 -8 -23 -14 -1 19 8 11 13 13 -17 -15 -14 12 -1 -4 -24 -8 -15 -9 -13 18 -5 17 0 -12 13 21 -15 -18 21 19 14 17 -1 25 9 14 0 21 -22 22 20 14 -21 -9 -9 -20 23 -2 23 -24 0 -13 -21 21 -9 7 -24 11 -4 16 -22 22 -17 9 -11 23 25 -5 -12 -19 -19 -24 -21 2 2 10 16 7 3 -21 22 -18 
-15 18 -21 19 2 17 21 17 25 21 -1 -6 21 13 9 -21 7 -6 -3 7 20 -14 -14 22 -6 2 24 -21 0 11 1 -5 -11 24 19 -7 -4 23 1 23 14 -20 10 21 -9 24 8 20 -5 9 6 -6 -3 -9 -21 6 9 -6 -20 -24 17 24 6 -13 7 -6 5 -11 20 20 6 -5 22 6 14 -10 25 -16 -21 -21 15 20 -11 3 -23 11 15 -9 18 1 0 -15 9 -17 -5 13 -15 -1 -9 -12 
14 8 -18 4 -22 -8 23 -18 24 -17 -7 -6 -13 -6 10 20 15 14 -2 24 25 -9 -8 15 -23 1 22 5 -13 2 24 -14 -1 0 4 25 -22 0 19 -6 18 19 -21 -25 5 7 -12 11 2 -23 2 -16 19 -7 -3 6 -9 -6 2 -3 19 7 6 1 -16 20 -23 23 6 -17 -3 11 2 22 20 11 -10 19 14 11 17 0 -25 -9 15 -9 -12 -22 14 -19 21 25 -1 4 11 -11 -4 -21 -14 19 
-14 -8 21 0 -5 -10 10 -13 -12 21 -20 -10 -8 -6 4 20 7 15 -16 -14 -3 1 -5 -24 -23 -20 6 -20 12 21 16 4 3 -12 -22 -9 8 -13 6 -16 17 12 3 14 9 4 8 6 11 -13 -24 21 3 24 19 0 -20 12 15 -24 14 5 25 22 -15 21 -25 14 4 19 18 -9 10 -1 -8 11 22 -3 9 17 -6 2 20 -13 8 24 -5 13 14 1 -14 -3 19 18 -7 18 -12 -17 -11 -5 
25 -22 -10 -16 11 -4 19 22 10 16 19 24 17 -3 13 15 -5 -2 -1 8 15 -18 11 12 -21 7 24 -23 -4 12 19 0 -2 -24 -2 -4 -20 -6 -11 18 21 17 20 25 14 16 18 9 -25 6 8 -5 -17 -20 -7 -7 -12 24 -21 21 -10 -14 3 -19 0 -19 5 -19 17 21 25 -10 23 -21 11 17 -11 -13 -7 14 18 -7 23 -10 24 23 -13 -21 -25 24 -6 -4 -10 16 20 1 17 15 -3 -2 
4 -19 13 20 -11 22 1 13 -4 -7 12 -13 15 -10 -25 -19 3 9 -4 -11 -15 6 -22 -13 -16 16 -13 21 5 22 16 -21 -22 -10 -19 7 12 12 -6 18 -18 7 -25 -7 -21 -4 -7 1 -23 -10 17 15 -25 22 -21 -11 12 -16 4 -9 10 -17 25 -8 23 15 -8 -11 -8 18 -6 -12 -2 12 -17 -22 2 -8 15 -4 5 0 0 -4 12 11 17 -16 4 25 -10 -24 8 -13 25 -18 -5 7 -5 -7 
-7 14 0 11 -9 -23 1 -8 -13 -2 7 5 6 -7 -23 23 15 -25 -14 0 -19 -11 -6 -13 2 14 22 8 6 -2 12 19 -12 10 23 -13 -10 -21 7 -12 -20 7 21 11 11 -4 8 -14 8 -23 23 -9 11 -4 0 -8 -9 21 5 14 8 -20 11 -13 25 -5 21 -15 6 11 10 20 -8 -2 3 -7 -3 2 11 22 -15 7 1 -7 10 -6 -6 16 -1 -17 -14 -10 13 0 -10 -24 -17 -14 -24 18 
-21 6 -25 24 -6 -24 18 12 -3 10 21 -12 -23 23 1 -13 -3 -6 -8 -11 20 1 15 14 15 -9 -3 -16 -24 3 17 -5 -5 12 -3 -13 -13 3 0 17 -6 -15 -19 24 -2 -20 7 -17 12 7 -7 12 -1 6 23 -3 18 -7 9 6 -5 -8 -23 8 -22 -13 -24 -16 10 -14 -21 11 -17 -15 10 1 3 15 21 6 -5 -9 25 -10 -10 22 -7 0 -24 11 -3 3 -11 10 -11 21 -25 12 17 -3 
-3 -1 15 -12 3 -18 23 19 13 -6 -14 -17 -19 -13 -16 -7 -18 -13 -14 -8 -24 3 4 18 -25 -1 0 8 -10 13 -18 1 -14 -15 -8 1 4 1 7 22 23 3 5 17 13 -18 0 -25 14 -7 13 -18 -12 -2 -18 -8 -21 23 -2 18 4 -20 25 16 -13 5 -21 6 -18 -19 -17 15 14 20 -20 14 21 -9 -13 25 -18 -24 19 -21 -2 -17 -14 -1 6 -4 -25 10 20 -19 14 -11 -20 1 14 -16 
-12 0 13 -2 19 -5 8 -14 5 -17 -1 -1 -20 1 11 -19 1 14 -13 -15 -14 19 5 -8 -19 -2 18 -1 -15 10 0 -9 11 0 -14 -15 -23 -14 25 24 2 14 -2 -15 15 5 2 -19 1 -19 -13 -3 -13 -5 24 -22 18 -21 14 23 13 3 -8 9 -5 25 -4 24 3 -20 -9 -1 -23 21 25 -20 22 23 9 -22 -20 -25 -25 -9 19 -15 20 -19 -10 -19 21 -21 11 15 -14 -25 -12 -21 -15 22 
-18 -4 -5 8 9 -6 5 -13 14 -18 10 -9 14 0 -5 11 -1 7 22 -12 6 4 -18 -20 5 17 18 -11 -18 11 -2 22 -8 -4 8 7 17 -3 6 8 21 25 1 23 10 7 15 14 6 -8 -18 0 4 14 -19 -25 6 -20 -3 -2 -6 -24 15 17 21 -24 -14 14 -17 0 20 -18 20 -4 24 -18 -5 -5 -6 17 19 13 23 14 -17 5 -21 -21 2 11 5 -21 -3 12 -13 -21 8 -22 -24 10 
4 24 -25 -6 -16 -10 11 23 -1 -13 4 1 -16 -4 -23 5 16 -13 0 18 -1 -12 14 10 25 -9 9 -17 -9 11 17 0 10 -10 10 22 -19 -11 20 4 -20 -18 -18 23 24 -1 9 7 -15 -2 25 -19 9 20 -20 -22 13 3 -23 -5 -12 3 20 23 13 14 -20 13 11 4 -23 18 13 -16 7 -16 -5 3 4 23 -11 22 -19 -2 5 14 -13 -19 -13 -23 8 0 -4 -2 19 -25 20 16 -6 -3 
-21 -20 25 0 -22 22 22 1 0 20 -22 -2 9 -12 -9 18 24 16 1 20 10 -5 24 -24 -3 18 2 14 -17 -15 -17 23 -13 -7 14 -4 22 -13 -2 -14 -1 -15 17 -14 -11 17 -19 -19 -7 11 -20 -7 25 6 -1 11 3 -2 8 2 -13 -7 -19 13 -13 0 12 15 14 -21 -5 -14 4 18 -18 -12 6 -25 13 -19 -25 -25 -20 -15 15 25 21 -2 5 19 -15 9 7 17 -18 15 -21 2 -21 -15 
24 -15 8 -7 -16 -2 19 22 -25 7 -3 -10 -18 -7 -21 8 2 -16 5 -10 -1 -19 -15 17 5 21 -16 17 16 -3 24 -20 7 -21 -1 20 9 -2 24 -16 -6 -9 21 16 -17 -17 22 12 -19 -23 -7 -15 -18 2 23 -2 13 5 -10 19 -1 -12 -13 -12 -4 -17 -25 8 -25 16 -11 -6 -25 3 -6 -17 20 -22 -8 21 13 13 -17 4 18 7 19 20 9 -19 -9 -17 -23 14 5 7 -22 9 9 3 
-21 -13 9 3 17 -13 -20 18 0 -11 1 16 -17 23 -20 15 -12 19 -18 24 -10 13 5 21 -14 18 -23 -23 -13 18 12 -21 -21 17 -19 11 10 13 18 -24 -19 15 3 -3 5 13 11 11 -19 14 -20 17 16 6 -3 6 0 7 -19 4 -4 21 -20 13 6 -4 -19 -25 -14 13 25 11 -19 21 20 6 -17 24 10 6 12 -3 24 20 -10 21 -6 3 -20 20 18 23 6 12 14 -2 5 17 23 3 
3 -10 3 -23 0 4 7 11 -24 21 18 -14 10 8 24 -13 18 11 -15 20 4 -19 14 -11 10 10 -17 -7 -12 15 -10 7 -13 16 23 -7 25 8 -3 7 -6 25 0 -14 -10 8 12 20 -21 -25 -23 -3 -7 18 18 -5 23 0 -10 9 14 6 -8 17 25 -7 -2 -20 -6 -3 2 14 12 -18 -21 8 -17 20 -1 18 0 -8 -8 -21 -5 2 10 19 17 -24 -13 -2 -11 14 7 19 5 -19 1 21 
19 -20 5 -23 -21 10 -8 23 -14 -8 -16 -17 -15 13 -20 -9 17 1 6 -14 -2 -23 11 -10 15 13 14 -18 -16 -1 15 -21 12 25 7 19 -9 4 -4 -2 10 -24 -4 9 -21 14 -16 23 -13 -11 17 10 -16 -15 -12 2 2 1 7 -24 -15 -2 -22 -14 1 -20 8 -5 -21 24 18 15 -25 -25 -4 12 13 15 20 19 14 -10 16 -2 23 -19 22 -9 -3 -24 16 -7 11 -25 13 5 25 10 -3 3 
13 12 -9 20 22 19 25 15 4 -1 -20 -19 6 -10 -4 9 22 -2 23 12 12 -14 2 -10 12 3 -7 -2 13 23 -21 18 0 15 16 -25 -14 -24 1 15 20 20 -23 -1 -19 25 24 -2 6 3 -17 -10 -18 6 17 12 -15 -24 10 -2 -25 -16 -16 2 18 18 -22 3 14 -4 16 -5 -19 -9 -10 9 23 -9 0 -4 -5 18 -15 -24 -16 -3 -18 -22 -5 -8 -18 19 -1 -10 -21 -25 -1 0 -8 7 
-10 -18 13 12 1 21 -5 19 7 -18 20 -3 -23 10 21 -10 3 -18 21 11 11 8 -19 7 22 -15 -18 4 21 13 -22 7 23 -18 22 -11 -6 9 4 -18 21 -3 14 -24 12 8 -12 -8 10 11 11 -15 -13 1 -7 -19 -23 16 -15 -2 15 16 19 16 14 -25 -4 -10 4 -18 10 -14 -5 -10 -14 21 -7 -7 -1 1 -10 -14 12 -9 3 -16 -13 6 -13 15 -16 6 23 22 19 -17 -2 20 -6 -23 
7 -14 14 13 18 11 -7 14 -3 -4 -19 7 5 7 -22 3 15 -1 -4 -13 -7 10 3 18 14 -5 -16 6 -11 -10 16 -9 -4 9 -12 17 -18 2 -22 17 21 -22 -12 16 9 -20 -5 -12 -3 5 2 -4 -7 -5 -14 17 -14 9 -15 2 -20 -9 5 -1 3 21 18 -16 21 -25 -9 12 -9 -13 -24 -22 -7 9 -17 -20 -1 -13 18 17 10 -25 16 8 5 -18 -20 5 25 -19 -11 -20 19 16 0 11 
-17 17 19 22 6 -15 3 4 -11 -17 21 5 -17 -25 5 18 3 -8 -1 -23 4 -4 17 -3 -24 1 10 -5 2 -1 5 7 -21 9 -12 9 -16 2 7 -9 -3 1 -20 5 -19 4 9 -16 23 -18 5 -23 -20 25 12 16 24 18 -24 -2 -8 -10 13 -7 11 1 -16 -20 -25 -4 23 6 -1 -16 16 19 -8 -8 2 -13 -15 -14 -9 -16 8 -18 15 -15 0 -10 3 18 -19 -16 18 16 13 13 2 -25 
8 -25 13 -17 3 -20 -8 23 4 -17 17 14 -20 16 -15 19 -14 -4 -1 -15 -12 -16 14 -12 -16 0 2 -19 -10 -6 20 -8 -10 -13 0 7 9 4 23 11 -4 -18 0 -6 -25 24 -19 -17 -14 17 1 24 11 -1 25 -15 5 6 4 -16 -5 -24 -18 -6 -20 -14 18 25 17 17 20 13 20 0 19 5 22 -17 -10 12 3 3 0 -2 2 22 23 -9 23 -10 -13 14 13 -13 -14 -24 8 4 -8 -1 
6 -25 15 -9 -12 -3 18 -24 -1 -15 25 -14 -5 -10 16 -15 21 24 25 -1 15 -21 -8 -11 18 14 -16 -10 -17 15 19 25 21 13 23 17 16 14 1 -6 -17 8 -7 -9 7 -5 -2 17 -3 -19 5 -16 7 -21 0 4 13 -6 6 -22 22 3 6 -7 -8 12 24 -20 -14 -10 21 -17 -8 24 13 12 18 -7 -18 15 20 -13 5 19 16 11 25 -18 19 -19 -5 -14 19 10 3 -20 -17 23 11 -2 
-15 4 -15 -10 -11 22 9 14 -20 -16 -13 -22 0 -18 -17 -18 -19 -7 12 9 14 24 7 21 17 21 -8 -13 16 -19 17 22 -24 -2 -2 -12 -6 10 24 -24 -8 -12 3 7 13 15 -25 12 -23 -21 2 -3 -24 -20 2 -19 3 13 7 -6 -18 9 17 13 8 1 -6 17 -20 16 -6 -24 19 -7 -24 18 7 -18 -8 22 5 2 15 13 11 -23 25 0 -6 23 2 24 5 9 -9 -18 -13 7 -18 9 
-21 -4 16 0 -1 -10 4 -24 -9 10 7 16 -10 6 3 5 7 13 5 24 9 -14 -13 -15 6 18 22 9 -10 4 -14 -15 16 1 -5 -19 0 -15 -21 21 21 -14 -24 -4 20 13 -20 -6 8 -10 -13 23 13 13 22 -11 8 11 -16 2 -12 -8 -14 -16 -20 -6 -19 17 6 21 20 3 -21 -2 0 5 24 22 12 14 -9 -5 17 -19 20 23 -5 -10 -16 24 14 0 7 -18 13 -22 -17 23 -17 -10 
2 1 15 -6 -11 16 20 -25 2 -6 9 -10 14 -5 0 -14 -23 -5 14 13 21 -9 -21 -25 3 -24 17 -15 16 -3 -22 -13 22 -24 -1 10 17 15 25 -17 -5 -3 -21 4 8 -2 20 25 13 10 -16 19 -24 -5 -16 -16 1 1 17 9 21 1 -13 -1 14 -23 5 0 3 1 4 9 22 -16 25 -24 17 -8 24 -11 15 -9 -10 4 10 8 9 21 22 -15 19 4 -3 -24 -21 -4 -2 -6 -17 2 
20 6 25 -5 -8 -22 16 -3 -23 -24 25 -21 -2 5 -1 14 -5 21 17 10 18 -16 -5 -10 -14 -9 20 -17 -14 19 -18 -8 -3 14 6 3 -21 0 12 23 -12 4 -5 15 -19 -5 -10 -19 6 9 15 20 1 9 5 24 -7 12 -13 6 -3 12 -6 -2 -25 9 -1 3 1 23 6 1 -14 1 -9 3 -9 -12 -1 -10 -24 20 -6 21 11 -19 21 -16 16 -18 18 8 10 -19 -13 -18 -15 17 -11 -12 
-24 -14 24 -22 -25 -14 -13 2 20 -23 19 9 -12 -13 23 -1 -12 24 9 -2 -23 -22 15 15 -15 19 22 -15 17 -10 19 -18 -3 0 18 14 8 16 -24 1 15 -2 24 20 -8 -25 -19 16 20 -11 7 6 5 21 -14 -19 -25 -19 -17 -5 -1 -9 -10 -14 20 -19 -23 -2 16 -7 -22 -1 7 -4 -17 -21 10 -1 13 -12 11 -9 -21 -17 1 13 -2 23 -21 -2 -16 22 -2 -11 -8 20 6 20 -12 13 
20 13 -15 8 -22 -4 10 -9 -14 -14 -7 -20 -14 9 23 12 -16 21 2 -13 12 15 -16 22 12 -4 23 -17 25 -16 -18 12 16 21 17 20 1 23 -4 -12 -22 13 -1 5 -14 23 23 -23 -19 -11 -17 1 -14 2 22 13 -9 17 -7 12 5 12 -15 -11 15 3 16 25 -24 17 2 -5 20 12 -14 -14 -9 -21 -8 -8 -15 2 12 20 16 4 -8 5 -12 5 -1 17 -18 -18 14 9 -19 -9 -3 4 
22 -16 0 -15 17 -13 -4 8 -3 9 3 19 -14 -7 -23 24 8 -3 18 -10 -4 8 22 -21 -20 -3 7 5 -23 -25 18 9 1 17 -3 -8 -2 6 18 7 15 21 -1 -5 24 14 -18 24 -2 -20 -17 -12 20 -17 1 -18 5 -25 -16 -22 -20 -16 -24 -6 -15 5 6 6 25 -18 -16 17 20 -2 7 11 -18 19 25 21 -6 -24 11 21 19 -12 12 9 -17 5 5 -15 -19 12 -2 22 -1 17 17 -17 
25 6 23 5 5 -18 3 -17 -14 3 9 -20 -1 -3 -19 -14 17 9 -16 9 -1 -25 -19 0 10 -24 -17 5 -24 -15 -18 12 -15 0 11 -2 6 -7 0 -16 -14 -2 -7 -25 11 23 -3 19 1 17 -19 -6 -2 -22 3 -8 -19 23 -2 -15 4 10 20 21 -3 -23 -14 -12 -22 -4 19 -7 -3 11 -5 -3 2 19 -16 19 -24 13 -9 6 -21 -16 -4 0 -24 18 -15 -14 -6 0 6 -15 11 -17 20 8 
2 -17 25 -20 25 -16 13 -9 2 -20 -16 -1 9 -20 7 -3 18 9 -19 1 -2 6 -20 15 0 -8 -14 -16 17 19 -15 -18 3 15 4 6 -7 -4 -12 10 7 21 23 -3 11 -12 -9 18 -1 10 2 25 -2 5 -24 7 8 1 14 -21 10 -6 17 7 -10 12 -21 -19 19 -22 -23 -4 -1 -14 -18 -1 -1 8 6 3 -2 -2 24 -13 18 2 23 15 -5 10 20 -13 1 9 -7 -2 -22 -23 -19 21 
1 23 11 -10 -17 21 1 -8 -17 16 -22 18 4 -20 -5 -11 19 -4 -1 -23 -5 20 -15 -20 -1 -1 -18 -9 -2 19 0 4 -13 15 -3 -25 -6 -7 12 20 21 24 -25 -14 -9 -16 -4 -7 -3 -1 15 23 24 -4 -16 8 -20 -21 14 -8 -9 5 4 -19 3 -5 -16 -20 -16 -9 -6 -13 -2 -11 -24 -4 -23 -1 12 -11 2 -3 -10 2 -16 -14 17 -9 4 -11 -21 24 -22 -8 -4 13 -11 4 -22 12 
-11 19 19 6 -9 20 14 11 14 17 -14 2 -4 15 14 -11 24 16 2 -14 19 9 22 -24 4 12 -11 -4 -2 -21 -25 11 4 0 20 5 -7 -25 25 -11 3 22 -24 -22 -18 -16 2 8 1 14 -13 5 -13 21 25 2 -24 -23 3 -14 17 -18 -4 -15 1 -12 -11 8 -8 7 18 -18 25 20 12 -14 -6 8 -15 17 -14 -18 6 20 -19 -7 -16 12 -8 9 -22 -1 -18 8 9 2 -14 -14 6 0 
-1 -23 21 11 -1 -4 -12 -20 21 -12 1 -14 3 13 15 -18 10 0 -14 23 -25 15 -25 -19 1 17 -12 -4 3 13 23 -7 3 -9 -4 -21 22 23 -3 25 -15 21 -12 23 -5 15 16 -5 -17 8 -10 -23 5 25 8 -1 25 9 1 19 21 -11 23 -2 17 10 -9 -12 -9 3 -22 -5 19 20 5 13 -12 -16 -8 6 -3 -6 -7 15 -23 8 2 -4 -12 14 10 3 17 -6 -9 22 -19 15 -22 2 
-17 -3 -3 14 14 -16 -21 -11 -22 -1 8 -2 -23 -6 4 -17 -15 4 4 -9 4 22 -21 -14 4 10 -17 25 -14 -5 -1 7 15 -14 6 -3 -17 18 -8 -4 -11 -7 -22 25 -15 -6 15 -7 -16 3 -9 17 -11 -12 19 11 -11 -7 0 -3 18 -3 12 -14 -16 20 14 -5 23 -7 -5 -6 -1 1 -23 -21 -11 -19 -12 -25 -7 10 -13 -13 -23 20 -16 1 10 -20 -6 7 -19 -21 3 13 21 -1 -14 11 
11 19 4 15 -3 6 -3 -7 -20 -10 -8 3 -10 -2 -7 -8 14 14 -10 17 -1 0 -22 -24 22 -17 13 -12 17 17 7 -23 -19 0 -21 17 -16 14 25 5 -15 -18 -4 -20 -12 -13 -15 -12 5 9 -24 -14 7 -13 16 16 -9 -8 22 -7 -11 5 17 18 -17 9 -9 0 17 -4 11 -24 13 -2 22 10 4 2 24 24 9 -24 15 16 21 -16 9 -14 16 2 -1 -9 25 -1 -10 -21 25 4 11 9 
5 -10 -22 10 3 -17 24 6 -12 -22 -25 -20 -23 -14 -3 23 -8 -1 1 -15 21 21 13 13 3 -18 18 -7 13 -16 2 10 -21 -3 -10 -16 -17 25 -23 -19 -2 7 1 -3 6 -17 4 -19 -8 8 1 20 -15 -24 4 -4 9 12 14 17 -17 4 22 16 1 2 -13 12 -20 2 22 -8 -4 -6 8 17 1 -19 15 9 -5 -18 16 4 16 -16 -3 9 -5 -15 25 -21 -15 -6 -8 -20 -18 -5 22 -20 
-16 -22 8 -7 0 15 9 -13 -6 8 22 10 17 -17 9 -12 8 -7 22 23 -25 10 -5 24 21 -22 -21 -16 -13 0 -12 25 -4 -18 8 -22 -10 -1 9 5 23 2 -25 -22 -23 -6 19 9 -21 -1 -3 20 -17 -8 -9 8 -17 -14 24 -19 -6 -10 11 11 -22 -3 -4 -7 -24 -4 -11 25 10 -10 1 13 -3 -23 23 8 -10 1 6 -18 -22 21 -15 -14 -3 1 -2 -7 21 -6 -12 8 -12 25 19 16 
-14 -9 19 0 -7 -20 -16 2 -5 0 -8 13 -2 -16 2 -15 -14 25 17 7 18 10 -8 -21 3 9 9 -7 -14 25 16 23 -18 -25 -3 -7 -7 -13 24 -5 -7 3 18 -12 -9 -9 7 18 2 5 18 0 -8 -22 -21 23 19 6 -14 -4 7 13 -22 17 25 -3 -15 0 6 13 17 -8 -12 -14 12 -23 -22 19 -7 -10 -11 -16 -12 17 -7 -1 -19 -14 9 -1 -2 -10 2 23 5 -7 15 7 7 -21 
15 -13 -16 -7 -3 -10 -18 -19 15 9 6 17 22 7 -14 10 -17 -16 -12 0 18 -3 22 -12 -5 7 -6 15 11 -5 -19 8 -23 -2 16 19 8 20 -14 -12 13 8 -3 -19 25 7 20 -18 -25 17 -17 6 -12 0 -15 -17 -12 -17 14 24 -4 20 2 10 -25 0 -11 12 6 15 11 -17 19 0 14 -16 -4 -20 1 -14 4 8 11 -15 23 22 -16 10 -24 -14 10 20 -6 -6 19 13 19 -24 15 18 
10 -13 -11 -15 -3 4 19 18 25 19 -21 -20 16 0 15 21 -6 -13 -3 5 -13 -15 -16 -4 -9 -22 -4 10 14 -17 16 -7 4 1 -10 -7 -23 5 20 23 16 25 -15 1 14 22 -15 23 5 -14 2 -10 4 24 -11 -12 -3 -5 -24 11 7 18 22 5 -21 23 18 1 13 -15 -10 -23 -6 20 -2 -24 -17 13 -3 3 -12 18 -13 -18 24 -12 18 9 0 0 -16 8 -4 -3 12 2 2 20 -20 5 
0 -5 1 15 -22 0 15 15 16 23 -4 17 17 -11 -14 -9 7 -4 -16 24 1 -18 -4 4 16 -9 -21 -6 9 -11 -20 -23 9 9 -15 21 -5 -17 3 11 6 8 -13 9 -2 -9 15 -25 1 25 8 3 -8 17 24 6 -11 10 22 2 -20 0 -11 5 2 -20 -19 -10 -16 -6 6 -7 13 -17 1 23 24 24 -22 16 25 21 25 -21 -6 21 -19 4 -22 -8 13 17 4 -15 20 -6 -11 -14 8 10 
-18 1 -11 22 8 15 19 -17 15 14 22 12 25 -11 4 17 11 10 -24 16 -19 -25 23 2 -8 -7 -13 22 17 4 11 24 -7 -14 -11 1 16 -16 11 -21 12 23 -12 -21 -4 2 5 20 -8 -11 -24 -4 -25 3 -23 11 -18 -8 15 22 -9 -6 19 -19 -20 -11 20 18 -9 -12 -3 -11 16 14 20 13 3 13 -20 1 15 -12 -23 -24 -2 23 -5 -4 16 -10 -24 -10 -1 -8 -17 13 -22 -7 -16 -13 
-13 1 -5 22 -1 6 4 -21 4 -23 -14 -11 22 12 2 -19 13 -24 18 -25 14 21 15 -15 -21 -16 9 -17 -1 5 -21 12 -11 13 -23 21 18 -5 -24 -15 11 16 -22 -6 -24 -22 -11 20 10 15 12 0 21 4 13 13 5 -15 23 12 -20 -6 16 16 10 21 -19 -8 12 6 12 4 -24 -17 16 13 7 2 -1 25 3 -10 0 23 -19 -7 2 -15 -14 -13 -4 -17 -20 12 15 11 -22 10 -2 2 
17 17 23 -8 7 -8 -22 19 9 18 -21 -25 -19 9 -1 -25 16 -1 -11 11 -21 24 -6 1 17 24 21 6 -9 23 -22 20 7 -18 -2 15 -9 -16 -5 20 -11 12 -1 13 21 -14 -8 15 -16 2 -7 -7 1 8 1 -11 23 3 -21 6 -23 -19 -9 9 -22 9 20 -20 0 4 19 -8 25 -17 -9 9 24 1 -8 -23 17 9 17 24 20 16 6 4 0 1 -23 -14 -24 3 -23 18 -16 8 4 -12 
21 -1 13 -13 -24 -17 9 14 0 -7 3 -15 -16 -19 -14 -13 -11 15 14 -1 15 -13 5 -22 -11 2 -14 -19 -11 17 -18 8 14 -24 -25 17 -23 1 7 3 0 -3 -24 0 11 -21 -23 19 -16 13 -23 22 12 -12 6 -10 8 -3 -8 -23 24 -2 -9 19 19 -24 23 4 -1 14 18 22 8 -25 20 13 -24 4 22 -13 -7 -25 -19 12 1 -4 11 -23 18 -19 4 -21 -16 22 6 17 13 5 8 25 
-15 -21 -18 -15 17 -8 15 0 15 -2 13 10 -11 -8 0 13 -19 -21 3 25 -20 -16 -2 2 -17 7 -10 20 3 22 17 -4 23 -7 15 4 -5 -4 21 -2 19 10 22 24 24 -16 7 -18 -4 -18 -11 12 -4 13 22 -11 13 4 6 19 0 -12 -5 -23 3 10 0 4 20 -15 -8 10 -4 -25 13 -23 2 14 -22 -14 21 2 6 4 -13 5 -14 -16 -1 -7 -10 9 12 -9 10 -21 -9 -20 15 8 
12 -25 -6 -18 -12 23 -11 -12 19 5 5 23 21 14 -22 15 -13 22 -19 12 3 -21 5 -19 -13 20 12 6 13 -13 7 -16 18 20 12 25 0 -12 -2 20 -21 18 -5 -25 -9 15 20 -23 -17 0 16 -14 22 5 8 4 15 11 -17 -3 -23 -19 -13 24 1 14 14 -15 -20 12 -20 16 -11 -10 11 -25 0 13 6 1 -19 -13 16 8 10 16 7 -23 25 -13 13 16 -13 0 -10 -4 21 -22 -24 -22 
6 20 -11 -9 24 23 -7 -11 8 -6 12 7 3 16 -1 21 2 -12 20 19 -19 1 -21 15 -12 12 17 -25 17 -6 -7 10 23 -3 19 21 -22 12 24 18 9 -17 -23 -5 3 15 24 -1 1 11 -22 7 -13 1 15 -8 -16 13 -1 -1 25 -4 16 -9 -12 -8 -18 -10 2 6 2 21 11 0 8 -25 -24 -20 20 22 -7 3 -17 17 14 7 -24 -10 6 10 -5 21 -18 -9 4 18 12 -1 -20 16 
-12 21 -21 -24 14 -12 -17 -5 25 -21 0 25 13 -1 -20 8 -9 4 19 21 4 -10 5 20 9 14 14 -17 -12 23 4 6 1 16 9 -7 -19 -4 -6 8 -11 -5 -14 -8 -3 -9 -13 0 24 18 4 8 25 -10 20 -19 -22 -20 -11 20 -9 -22 -8 13 -1 4 5 0 -24 -5 22 -8 -18 -18 7 9 -4 14 -13 -7 15 14 9 21 -5 -4 -10 10 15 25 19 -13 15 -11 -5 24 1 -11 22 -24 
-20 6 5 11 16 3 -20 8 0 16 -16 -24 21 4 -24 -16 6 -7 -24 -19 8 -10 20 19 -2 3 11 -23 -12 16 -21 3 10 9 -6 21 9 -19 15 23 -10 10 9 24 7 -5 8 14 -3 -24 -6 -13 0 -2 12 -7 0 0 -16 8 17 2 24 -4 -24 18 -17 13 -20 13 -1 -25 13 6 3 3 12 -25 -3 20 10 0 -4 -12 20 0 -5 9 8 22 4 19 -13 0 24 -24 -6 -19 -5 -7 
5 13 -20 -4 -24 -18 20 -16 -7 -9 16 -8 10 -25 15 8 8 -20 -3 -18 -12 21 9 17 -13 25 6 14 23 -24 -16 -13 10 -21 -9 4 -7 17 24 -3 -3 10 -21 10 6 23 -1 14 -10 23 12 -19 13 -3 -9 -16 -17 1 -23 2 -6 -18 -11 9 -15 6 5 -9 19 7 17 14 -6 5 -1 -7 -25 2 13 14 -19 -13 -10 -22 7 10 -6 1 -20 9 -18 20 -10 9 23 4 11 21 14 25 
18 7 -8 -5 6 17 -17 12 -11 0 20 16 -15 20 3 13 -16 -16 -8 3 18 0 0 17 -13 -1 -14 4 -6 21 25 -3 0 -4 -8 22 -25 18 23 13 -17 12 9 22 -3 16 21 -5 12 7 -5 -19 -3 -21 -21 6 17 -3 -16 -6 -23 -19 -17 20 -2 -14 15 16 8 6 7 -24 -15 -18 -16 16 24 -24 -7 6 15 -13 24 1 2 16 -17 -9 -1 -8 -7 23 -20 -6 -20 -8 -21 22 -2 9 
24 -10 -1 -8 -13 -20 -4 -14 -7 -5 1 -23 3 2 -14 8 -22 -14 -5 -6 23 13 -6 -14 -16 14 -15 -13 16 -16 14 -10 10 18 -17 -11 2 -12 0 -12 3 -6 1 19 -14 -7 -10 7 22 -21 -7 -12 12 8 13 -23 6 24 -3 9 -9 -10 7 -7 9 11 -21 -14 -20 4 -4 -6 13 18 24 6 -22 -8 -17 -25 6 -18 2 20 21 -14 11 10 -17 5 20 -23 -8 4 2 -13 -19 -1 4 -5 
23 22 -9 -17 -17 -20 7 -11 -25 12 19 25 -5 22 -8 -3 14 21 -10 -16 -18 22 14 -2 -17 -25 19 -9 2 -16 -5 -5 -6 10 15 19 20 -3 -11 -18 12 -16 5 21 -5 -11 -16 24 25 -23 -21 -8 -18 14 -24 19 -5 10 -23 -24 10 24 -16 -19 16 -2 6 -13 19 -12 16 -22 20 -13 -18 -21 15 -18 -6 3 24 12 -25 -17 14 7 1 -14 -12 -21 -22 -17 -7 0 -16 19 7 12 9 -22 
-20 16 19 19 -3 -9 -20 25 -16 12 -13 0 18 24 19 3 1 -5 11 23 19 16 -14 18 -6 -18 24 11 -6 -5 14 -21 0 6 -9 10 -2 9 -23 -20 18 11 25 -11 -25 -6 -24 -6 -25 4 4 3 -8 2 0 -15 4 1 -4 -1 14 -4 4 -24 19 18 15 -20 9 -4 19 -2 10 13 -10 25 23 6 -18 8 20 21 -15 18 0 10 -17 13 -18 -17 6 -12 16 -7 -2 -22 -18 -8 -22 22 
-11 -9 -19 -23 -12 -6 14 -4 4 4 14 15 17 -3 -4 23 20 -5 -10 25 15 -11 4 -12 -4 25 24 -4 -18 16 16 -3 13 -17 -19 -2 11 -3 -8 -11 12 -16 13 -20 19 -15 6 18 15 8 5 -16 -19 15 -1 -10 24 -12 -8 -10 -16 1 -2 20 -9 -20 -5 -19 -7 13 -8 2 20 -5 10 -10 1 10 -11 -14 16 -10 -8 -5 -14 13 0 -22 24 21 -5 -22 10 -20 -8 14 14 -3 19 -3 
24 20 -3 -10 -10 23 -13 -8 11 23 3 -7 5 10 14 9 -19 -23 17 -13 11 15 -18 12 6 -24 15 19 -13 10 -16 -10 18 8 1 -3 -21 11 -17 8 -1 1 -6 21 -5 -13 20 24 -19 -17 -10 8 16 -21 14 7 15 -23 11 -16 5 5 24 15 9 6 -13 -18 10 15 -20 -11 -25 22 -18 2 10 -2 -14 14 24 7 -19 -12 24 -20 -15 -3 15 21 -17 5 -12 -3 14 -5 -6 -25 -6 12 
2 -9 21 20 -9 -16 -5 -23 9 -23 -17 18 19 -7 -17 0 5 13 -12 21 9 -3 3 -7 22 -7 -21 -4 -2 0 20 1 22 20 7 13 25 4 11 -1 -15 2 1 -4 -4 0 25 2 -5 22 12 22 1 22 12 19 25 -7 -1 17 22 -4 -14 16 -2 12 12 0 20 -17 -1 21 -17 -11 20 -13 -16 25 20 -15 -15 5 -3 -13 2 1 5 -15 -15 21 11 12 2 -3 17 24 -20 -24 16 18 
24 -23 -11 -22 21 7 5 8 4 -2 -17 -14 1 -4 -21 6 2 -14 -4 2 2 -15 -23 0 -20 21 0 -15 -3 0 9 12 -20 13 22 -5 -2 -2 25 6 -3 11 20 -22 16 15 -12 -22 14 -6 19 18 19 -24 8 20 17 -23 -4 14 3 2 19 -15 24 1 20 24 -8 14 -9 9 -15 -4 -7 9 9 -15 17 -25 15 3 -12 16 -8 -15 25 -11 22 -22 -5 25 -2 -15 25 -2 18 0 -2 -23 
-16 14 -3 23 -16 24 8 -12 2 21 0 5 -20 -19 -7 7 -3 -7 -4 -25 -24 3 -3 -12 12 -10 -23 23 15 -21 -10 8 24 -24 7 19 -6 -8 20 -23 24 19 -12 -7 17 -10 25 7 -8 -2 -15 -16 -14 5 0 12 22 7 3 -16 19 -24 10 -17 -2 -1 10 9 -20 -1 -6 -25 -10 6 -22 7 12 -1 14 -24 7 20 22 14 17 -9 3 1 11 -24 15 -14 -4 -15 10 7 -3 6 15 -19 
-5 11 -16 9 -2 -12 -16 5 -15 -5 -22 7 -2 -7 6 -23 7 -7 13 -18 -19 25 -22 10 0 8 5 9 25 23 -8 12 -8 15 7 9 -15 0 -22 -4 7 15 6 25 -17 -25 -17 -11 -8 -8 -24 25 8 2 -9 -24 -24 18 -23 15 4 -10 17 25 -9 -13 21 -20 -6 -12 -15 13 7 -21 -18 -8 12 -14 -4 23 22 0 -10 -7 2 -12 13 -9 22 6 -15 -2 -10 13 8 6 -8 -23 19 6 
9 -7 1 -10 20 -7 -20 22 -21 2 7 0 -23 4 23 -10 10 -19 -20 -5 -5 17 1 19 19 15 -3 23 -18 -23 -25 7 24 15 -13 3 8 8 -17 -13 0 3 -18 11 12 -11 -19 -10 -8 -13 -14 -8 -24 17 -4 -5 7 -3 6 -11 10 13 -9 -25 -23 21 25 -10 19 8 2 -11 15 -17 10 12 -6 -8 -17 -11 7 -17 -21 -3 11 -23 -14 -21 -20 -7 -11 8 1 9 -19 6 0 20 -20 15 
3 15 5 19 11 -9 6 0 -6 -1 15 -17 -20 5 -22 25 19 -7 -4 0 -8 -3 -14 0 -7 -10 6 1 23 -16 11 -3 13 -4 -1 -22 -12 -8 -6 -2 3 -16 12 -1 1 19 -1 -4 18 6 14 -16 -10 -3 -19 24 9 -1 23 8 -2 -3 -13 -25 -11 13 -25 -19 -7 -23 -22 -19 -18 24 -12 -19 4 10 -4 3 19 25 -16 -13 -19 4 -19 -6 11 -2 3 16 13 -21 -3 -15 -3 10 -13 20 
10 -11 -5 0 18 -21 -15 16 7 -1 12 22 -7 -4 16 -24 24 9 17 -24 24 -6 -7 -9 10 24 0 -22 -20 -3 13 -1 4 -9 2 -9 12 23 -12 -25 -21 21 10 13 2 21 -17 -9 7 -16 18 2 -22 11 25 1 -22 -22 8 1 18 -24 -25 8 23 -18 14 -22 8 10 -11 0 17 11 5 -16 22 19 -8 16 -12 -25 -11 0 25 2 4 -25 20 -16 -13 15 14 7 0 -16 18 3 17 -6 
-15 4 3 -15 -24 7 -1 0 20 25 6 21 -5 -5 4 18 -24 22 -11 22 21 15 21 25 1 18 25 17 -21 16 25 13 3 8 12 21 -12 -3 -10 -21 -13 -7 20 15 -20 11 -21 -7 16 17 -5 16 22 -1 -10 -19 -5 3 4 -16 18 -6 -3 -18 18 3 2 12 4 22 3 0 20 17 21 -23 -9 25 -16 21 2 0 -2 15 8 14 9 9 -12 -2 -13 -5 0 18 -1 13 -22 -21 3 -16 
